<?xml version="1.0" encoding="UTF-8"?>
<document version="2.0.0">
  <chunk label="Chunk 1" enabled="true">
    <sensors next_id="1">
      <sensor id="0" label="FC6520, DJI MFT 15mm F1.7 ASPH (15mm)" type="frame">
        <resolution width="5272" height="2962"/>
        <property name="pixel_width" value="0.0035774676813777658"/>
        <property name="pixel_height" value="0.0035774676813777658"/>
        <property name="focal_length" value="15"/>
        <property name="layer_index" value="0"/>
        <bands>
          <band label="Red"/>
          <band label="Green"/>
          <band label="Blue"/>
        </bands>
        <data_type>uint8</data_type>
        <calibration type="frame" class="adjusted">
          <resolution width="5272" height="2962"/>
          <f>4492.7816024225394</f>
          <cx>40.611440371727205</cx>
          <cy>-27.93001585572501</cy>
          <b1>-8.0857806464556017</b1>
          <b2>0.16449901479864354</b2>
          <k1>-0.2189793255051368</k1>
          <k2>0.11438546530366353</k2>
          <k3>-0.021621728469760588</k3>
          <p1>0.00017697293916187315</p1>
          <p2>-0.00019882276940226572</p2>
        </calibration>
        <covariance>
          <params>f cx cy b1 b2 k1 k2 k3 p1 p2</params>
          <coeffs>16.38227528023895 0.15907198079944559 0.010543230550272897 -0.029900617102071116 -0.0038551167699517183 -0.0015937510146208853 0.0016433792631166031 -0.00044840496092704725 -3.8192251535837004e-06 -4.7959118274018876e-07 0.15907198079944559 0.014244440955590269 0.00069634126350801733 -0.00050574813005171406 -0.00015464843117358307 -1.5564407725882006e-05 1.698315531110253e-05 -6.2910846924957961e-06 -1.9135072493832648e-07 -9.2264902122424717e-09 0.010543230550272897 0.00069634126350801733 0.0069693092133811408 9.8511231152260042e-06 -6.4039843247331134e-05 -9.1094095645651757e-07 6.2434446624542657e-07 2.5137914263407661e-07 -8.8937070284632627e-09 -1.2981158603281467e-07 -0.029900617102071116 -0.00050574813005171406 9.8511231152260042e-06 0.00061325660358528262 0.00010092466014153306 2.8546607524469711e-06 -3.0988605208789504e-06 1.0784342849629845e-06 8.403196766478432e-10 1.717548678961866e-09 -0.0038551167699517183 -0.00015464843117358307 -6.4039843247331134e-05 0.00010092466014153306 0.00076749258371596189 3.7743015310441194e-07 -4.1095387209493649e-07 1.5317529238455171e-07 4.9901593952042271e-10 -5.5379067501352793e-09 -0.0015937510146208853 -1.5564407725882006e-05 -9.1094095645651757e-07 2.8546607524469711e-06 3.7743015310441194e-07 1.5955979440441421e-07 -1.7877935231065113e-07 6.6557873488518624e-08 3.7513599557324553e-10 4.1705155889692233e-11 0.0016433792631166031 1.698315531110253e-05 6.2434446624542657e-07 -3.0988605208789504e-06 -4.1095387209493649e-07 -1.7877935231065113e-07 2.5302614642318182e-07 -1.5743479282193914e-07 -4.1341445349200669e-10 -3.008421836142564e-11 -0.00044840496092704725 -6.2910846924957961e-06 2.5137914263407661e-07 1.0784342849629845e-06 1.5317529238455171e-07 6.6557873488518624e-08 -1.5743479282193914e-07 1.6075552054566627e-07 1.771968216081296e-10 -9.3067771592112414e-12 -3.8192251535837004e-06 -1.9135072493832648e-07 -8.8937070284632627e-09 8.403196766478432e-10 4.9901593952042271e-10 3.7513599557324553e-10 -4.1341445349200669e-10 1.771968216081296e-10 1.6981230043182141e-11 8.4479104199229186e-13 -4.7959118274018876e-07 -9.2264902122424717e-09 -1.2981158603281467e-07 1.717548678961866e-09 -5.5379067501352793e-09 4.1705155889692233e-11 -3.008421836142564e-11 -9.3067771592112414e-12 8.4479104199229186e-13 1.1124128935049365e-11</coeffs>
        </covariance>
        <black_level>0 0 0</black_level>
        <sensitivity>1 1 1</sensitivity>
        <meta>
          <property name="Exif/BodySerialNumber" value="4de25e4f65297a951941de99156e08d3"/>
          <property name="Exif/LensModel" value="DJI MFT 15mm F1.7 ASPH "/>
          <property name="Exif/Make" value="DJI"/>
          <property name="Exif/Model" value="FC6520"/>
          <property name="Exif/Software" value="RawTherapee 5.9"/>
        </meta>
      </sensor>
    </sensors>
    <components next_id="3" active_id="2">
      <component id="2" label="Component 1">
        <transform>
          <rotation locked="true">-0.6331481423935903 0.21661938441781922 0.7431012529110621 -0.49191327295979548 -0.85384090414353853 -0.17022644417753113 0.5976158981064067 -0.4733199263772756 0.64716573273365074</rotation>
          <translation locked="true">4414479.3086057864 740792.10347691039 4528616.5762602016</translation>
          <scale locked="true">9.169874992349822</scale>
        </transform>
        <region>
          <center>4.6208989020575446 -12.206235794928721 -5.6560789177017785</center>
          <size>41.344720872243244 23.078570206960045 7.5713889439900726</size>
          <R>-0.66130092610219982 0.73007173822242588 0.17226822743982342 -0.74702809421303218 -0.62013997057612891 -0.23953171679400492 -0.068044923343467012 -0.28709175178455371 0.95548323609807939</R>
        </region>
        <partition>
          <camera_ids>0 1 2 3 4 5 6 7 8 9 10 11 12 13 14 15 16 17 18 19 20 21 22 23 24 25 26 27 28 29 30 31 32 33 34 35 36 37 38 39 40 41 42 43 44 45 46 47 48 49 50 51 52 53 54 55 56 57 58 59 60 61 62 63 64 65 66 67 68 69 70 71 72 73 74 75 76 77 78 79 80 81 82 83 84 85 86 87 88 89 90 91 92 93 94 95 96 97 98 99 100 101 102 103 104 105 106 107 108 109 110 111 112 113 114 115 116 117 118 119 120 121 122 123 124 125 126 127 128 129 130 131 132 133 134 135 136 137 138 139 140 141 142 143 144 145 146 147 148 149 150 151 152 153 154 155 156 157 158 159 160 161 162 163 164 165 166 167 168 169 170 171 172 173 174 175 176 177 178 179 180 181 182 183 184 185 186 187 188 189 190 191 192 193 194 195 196 197 198 199 200 201 202 203 204 205 206 207 208 209 210 211 212 213 214 215 216 217 218 219 220 221</camera_ids>
        </partition>
      </component>
    </components>
    <cameras next_id="222" next_group_id="0">
      <camera id="0" sensor_id="0" component_id="2" label="DJI_0003">
        <transform>0.56858486488432636 0.81965122385085631 0.069879343616449652 -2.5121516115488642 0.77268322131369249 -0.56128306864328659 0.29651636776857843 -13.42566471662375 0.28226209615314546 -0.11460012257484353 -0.9524678057451933 -3.5542304189753255 0 0 0 1</transform>
        <rotation_covariance>2.1272247803119192e-08 6.762940513074638e-10 -3.7635710708986681e-10 6.7629405130746339e-10 1.2852312843430943e-08 -3.7900199272958612e-10 -3.7635710708986857e-10 -3.7900199272958539e-10 8.908202187213536e-10</rotation_covariance>
        <location_covariance>2.400142944262634e-07 8.6964052537065965e-08 -4.2591605931509275e-07 8.6964052537065965e-08 1.0457499210406694e-06 -2.6386536406981756e-06 -4.2591605931509275e-07 -2.6386536406981756e-06 8.5688281960559383e-06</location_covariance>
        <orientation>1</orientation>
        <reference x="541204.68343764753" y="5041536.037063498" z="189.98599999999999" enabled="false"/>
      </camera>
      <camera id="1" sensor_id="0" component_id="2" label="DJI_0004">
        <transform>0.59881894846031258 0.797284374734896 0.075851781577433636 -3.2998597792669737 0.74984712720970903 -0.59140717842572865 0.29659203482538876 -12.618399216481617 0.28132748315838524 -0.12072768990626687 -0.9519872226609265 -3.3689753559751199 0 0 0 1</transform>
        <rotation_covariance>5.2476264854872367e-08 -2.5302962250871868e-09 -1.8789285722167868e-09 -2.5302962250871884e-09 1.5066592440876147e-08 -1.0455185464842889e-09 -1.8789285722167868e-09 -1.0455185464842895e-09 1.6973539052126202e-09</rotation_covariance>
        <location_covariance>5.0766580285568122e-07 -5.5964659076335005e-08 -4.464781927241306e-07 -5.5964659076335005e-08 1.2433565872999471e-06 -2.7395346691351446e-06 -4.464781927241306e-07 -2.7395346691351446e-06 8.6421951437011517e-06</location_covariance>
        <orientation>1</orientation>
        <reference x="541200.64652394888" y="5041526.7766983788" z="189.886" enabled="false"/>
      </camera>
      <camera id="2" sensor_id="0" component_id="2" label="DJI_0005">
        <transform>0.98855550120197333 0.13223143100009738 0.072614528153676167 -3.7171765162782373 0.10519609887246847 -0.9492365298451203 0.29645200486690421 -12.123293147790253 0.10812863554733497 -0.28542049517030055 -0.95228322420979972 -3.2732706290688323 0 0 0 1</transform>
        <rotation_covariance>3.350373913743271e-08 -8.6306361161142421e-09 -3.7891711239249584e-09 -8.6306361161142405e-09 3.7090111203833333e-08 -1.0470081879968652e-09 -3.7891711239249601e-09 -1.047008187996866e-09 2.6515843168133474e-09</rotation_covariance>
        <location_covariance>4.4369329873838051e-07 1.7171388304028464e-08 -2.4815101302489692e-07 1.7171388304028464e-08 1.3580516819353049e-06 -2.7897978154977392e-06 -2.4815101302489692e-07 -2.7897978154977392e-06 8.6551976394262814e-06</location_covariance>
        <orientation>1</orientation>
        <reference x="541198.0563815583" y="5041521.1675291182" z="189.98599999999999" enabled="false"/>
      </camera>
      <camera id="3" sensor_id="0" component_id="2" label="DJI_0006">
        <transform>0.99156582312871566 0.099405733181406788 0.083160799742062211 -3.6431380818745769 0.070703275573444219 -0.95265439890749581 0.29572054894001537 -11.08623476487171 0.10861981967513118 -0.28734664858471098 -0.95164785415660802 -2.9436296744224899 0 0 0 1</transform>
        <rotation_covariance>6.0297990704915697e-07 1.949224877579997e-07 -1.7272999432436493e-07 1.9492248775799972e-07 7.032632669395722e-07 -1.4053192338603605e-07 -1.7272999432436493e-07 -1.4053192338603605e-07 7.4976054883547022e-08</rotation_covariance>
        <location_covariance>7.5175815101709455e-06 2.7292084811264085e-06 3.5665210482642262e-06 2.7292084811264085e-06 9.8168725107518455e-06 -1.0549071596092135e-06 3.5665210482642262e-06 -1.0549071596092135e-06 1.1361604188214184e-05</location_covariance>
        <orientation>1</orientation>
        <reference x="541188.46027839463" y="5041518.0738604646" z="189.786" enabled="false"/>
      </camera>
      <camera id="4" sensor_id="0" label="DJI_0007">
        <orientation>1</orientation>
        <reference x="541181.03970237204" y="5041515.6796256565" z="189.886" enabled="false"/>
      </camera>
      <camera id="5" sensor_id="0" label="DJI_0008">
        <orientation>1</orientation>
        <reference x="541181.48763016297" y="5041515.8492210573" z="189.886" enabled="false"/>
      </camera>
      <camera id="6" sensor_id="0" component_id="2" label="DJI_0009">
        <transform>-0.58933793988929284 -0.80415046085142605 0.077606887062189683 -2.8272166417430378 -0.76014727102100743 0.58448093260778766 0.28382770438638644 -11.0873098113828 -0.27359992501161073 0.10827777117382126 -0.95572956703414302 -2.9355597374052587 0 0 0 1</transform>
        <rotation_covariance>2.9772546036429453e-07 -7.7745722882470156e-08 -4.4544589287927513e-09 -7.7745722882470156e-08 4.8822813344188473e-08 2.7596396309233139e-09 -4.4544589287927439e-09 2.7596396309233052e-09 3.2722693141007379e-09</rotation_covariance>
        <location_covariance>3.2010606024270721e-06 -1.0363424175920387e-06 -5.2786893524810249e-08 -1.0363424175920387e-06 1.6650377675864153e-06 -2.762936960076873e-06 -5.2786893524810249e-08 -2.762936960076873e-06 8.4710282249694917e-06</location_covariance>
        <orientation>1</orientation>
        <reference x="541185.28394109139" y="5041524.4259480564" z="189.886" enabled="false"/>
      </camera>
      <camera id="7" sensor_id="0" component_id="2" label="DJI_0010">
        <transform>-0.59846876207895772 -0.79823823547411366 0.068197215799866734 -2.2050723666072494 -0.75487905478167527 0.59036908380420605 0.28569556793920808 -11.740969039775276 -0.26831465384433328 0.11949922307427738 -0.95589077943928269 -3.086575722730879 0 0 0 1</transform>
        <rotation_covariance>3.9703545569333619e-08 -4.3969184239133168e-09 -1.9020182510380052e-09 -4.3969184239133159e-09 1.3211500420767154e-08 7.8563679118494094e-10 -1.9020182510380036e-09 7.8563679118494001e-10 1.315542574816472e-09</rotation_covariance>
        <location_covariance>4.3122978902875233e-07 1.777434572170925e-08 -4.6867489942809745e-07 1.777434572170925e-08 1.0337171511318439e-06 -2.5807365881990001e-06 -4.6867489942809745e-07 -2.5807365881990001e-06 8.2965184388301942e-06</location_covariance>
        <orientation>1</orientation>
        <reference x="541188.7091689955" y="5041532.0311808074" z="189.98599999999999" enabled="false"/>
      </camera>
      <camera id="8" sensor_id="0" component_id="2" label="DJI_0011">
        <transform>-0.60191122545658682 -0.7959105934570091 0.065032329592766724 -1.60264989559403 -0.7532659149063865 0.59292061969120802 0.28466752569486869 -12.385440159690868 -0.26512890847584725 0.12235794198950375 -0.95641789816089229 -3.2414715895490271 0 0 0 1</transform>
        <rotation_covariance>1.6594807735137478e-08 9.7310611896905652e-11 8.1901112973352078e-12 9.7310611896903326e-11 7.9909642372197067e-09 3.0847528664243591e-10 8.190111297335699e-12 3.084752866424358e-10 6.5535027585518337e-10</rotation_covariance>
        <location_covariance>1.793151063145045e-07 9.1854804595280344e-08 -4.4653966626007959e-07 9.1854804595280344e-08 9.0228028419864487e-07 -2.4930807664357267e-06 -4.4653966626007959e-07 -2.4930807664357267e-06 8.2185821126770206e-06</location_covariance>
        <orientation>1</orientation>
        <reference x="541192.16281081294" y="5041539.602654363" z="190.08600000000001" enabled="false"/>
      </camera>
      <camera id="9" sensor_id="0" component_id="2" label="DJI_0012">
        <transform>-0.60363858105913759 -0.79469073309416172 0.063930448075819102 -0.9923309337491415 -0.75256612124967392 0.59443619296537265 0.28335462876059681 -13.040159764479267 -0.26318186982414304 0.12293189670341187 -0.95688194264954629 -3.3801720436000728 0 0 0 1</transform>
        <rotation_covariance>1.0314937738532343e-08 -4.0104662702360399e-10 2.4298951634861523e-10 -4.0104662702360414e-10 7.6749028113273994e-09 3.1961840676535812e-11 2.4298951634861502e-10 3.1961840676535902e-11 6.0381457310982159e-10</rotation_covariance>
        <location_covariance>1.4132214981576611e-07 1.2055760010979359e-07 -4.4387853775899299e-07 1.2055760010979359e-07 8.4843569410871995e-07 -2.4683361890644749e-06 -4.4387853775899299e-07 -2.4683361890644749e-06 8.2438102284949281e-06</location_covariance>
        <orientation>1</orientation>
        <reference x="541195.55661954184" y="5041547.0348590091" z="190.18600000000001" enabled="false"/>
      </camera>
      <camera id="10" sensor_id="0" component_id="2" label="DJI_0013">
        <transform>-0.60490500601419694 -0.7937163617480576 0.064064582979920251 -0.40171419471429709 -0.75196757694654848 0.59584720179607387 0.28197672835346854 -13.679459260905835 -0.26198224542915316 0.12239464532901673 -0.9572799245125132 -3.5175829595783878 0 0 0 1</transform>
        <rotation_covariance>6.8511458535600296e-09 -5.2976040283822994e-10 4.19630764971992e-10 -5.2976040283822921e-10 7.4618556518735893e-09 2.3084686763999643e-11 4.1963076497199226e-10 2.308468676399985e-11 7.6055288971711992e-10</rotation_covariance>
        <location_covariance>1.196426098412129e-07 1.4802767395847669e-07 -4.7476192663015153e-07 1.4802767395847669e-07 8.1167867663793941e-07 -2.4485002358411813e-06 -4.7476192663015153e-07 -2.4485002358411813e-06 8.2624947266671052e-06</location_covariance>
        <orientation>1</orientation>
        <reference x="541198.94654810964" y="5041554.3960581375" z="190.286" enabled="false"/>
      </camera>
      <camera id="11" sensor_id="0" component_id="2" label="DJI_0014">
        <transform>-0.60625753426648776 -0.79271351466572471 0.063695257370010527 0.21309890790360833 -0.75102015962505386 0.59702992632599861 0.2819999767871112 -14.341836523209153 -0.26157316754949678 0.1231281882327766 -0.95729772133889302 -3.666442167372792 0 0 0 1</transform>
        <rotation_covariance>6.9053766948609855e-09 5.5939942058875857e-10 8.8933107811101222e-10 5.5939942058875971e-10 7.6162127871986093e-09 -5.2211534322124745e-11 8.893310781110116e-10 -5.2211534322124513e-11 9.8249548888241679e-10</rotation_covariance>
        <location_covariance>1.0953324331921539e-07 1.5021593352943415e-07 -4.9429305340569985e-07 1.5021593352943415e-07 8.1628411043147211e-07 -2.4347221049059554e-06 -4.9429305340569985e-07 -2.4347221049059554e-06 8.2715653222959939e-06</location_covariance>
        <orientation>1</orientation>
        <reference x="541202.52891594497" y="5041562.181329947" z="190.286" enabled="false"/>
      </camera>
      <camera id="12" sensor_id="0" component_id="2" label="DJI_0015">
        <transform>-0.60679917566413555 -0.79232292366944423 0.063396727370026607 0.8204255537572277 -0.75057574045619857 0.59741965564076427 0.28235759754732975 -15.002768096998077 -0.26159284824313345 0.12375031184596821 -0.95721211968198061 -3.8101778393562724 0 0 0 1</transform>
        <rotation_covariance>6.2084792257107006e-09 1.2759900643481863e-09 6.882657327979485e-10 1.2759900643481852e-09 7.7243667568734578e-09 -4.4930036132085507e-11 6.8826573279794871e-10 -4.4930036132085662e-11 1.1899994492026079e-09</rotation_covariance>
        <location_covariance>1.0171354936739142e-07 1.5159765410525731e-07 -4.9829435642432001e-07 1.5159765410525731e-07 8.2617120121377191e-07 -2.4385862895774926e-06 -4.9829435642432001e-07 -2.4385862895774926e-06 8.3091369608799114e-06</location_covariance>
        <orientation>1</orientation>
        <reference x="541206.05408622709" y="5041569.756368164" z="190.386" enabled="false"/>
      </camera>
      <camera id="13" sensor_id="0" component_id="2" label="DJI_0016">
        <transform>-0.60655813814167403 -0.79255455049025114 0.062805330596227699 1.4090273615080084 -0.75107865899619064 0.59713299034154799 0.28162570878072307 -15.628998175759298 -0.26070687189751934 0.12365062208883773 -0.95746668380808619 -3.9568679921882768 0 0 0 1</transform>
        <rotation_covariance>6.5554344683165781e-09 1.7796281050381977e-09 3.5831092310021931e-10 1.7796281050381966e-09 7.6490477767711255e-09 2.5951969475619744e-11 3.5831092310021931e-10 2.5951969475619473e-11 7.5746807217998721e-10</rotation_covariance>
        <location_covariance>1.0205733111913993e-07 1.5236169963321556e-07 -5.2964212025862911e-07 1.5236169963321556e-07 7.8941277594551395e-07 -2.3581049499636046e-06 -5.2964212025862911e-07 -2.3581049499636046e-06 8.3363812557939619e-06</location_covariance>
        <orientation>1</orientation>
        <reference x="541209.31969917542" y="5041576.8852933161" z="190.48599999999999" enabled="false"/>
      </camera>
      <camera id="14" sensor_id="0" component_id="2" label="DJI_0017">
        <transform>-0.14455718161185438 -0.98663459168836676 0.07520241836782271 1.8364308803578631 -0.94787189977634101 0.15988710919486149 0.27563558175188685 -16.060470095220566 -0.28397549693385182 -0.031437156316086845 -0.95831603468998172 -4.0662174765719321 0 0 0 1</transform>
        <rotation_covariance>7.9979068095277045e-09 9.5909956204655468e-10 6.3042382485782002e-10 9.5909956204655488e-10 8.6033196279831763e-09 6.7627476383059865e-11 6.3042382485781898e-10 6.7627476383059865e-11 7.8225515166708683e-10</rotation_covariance>
        <location_covariance>1.4800134164588411e-07 1.6576373580934445e-07 -6.3561257969431619e-07 1.6576373580934445e-07 7.5092414014190649e-07 -2.2818100654977766e-06 -6.3561257969431619e-07 -2.2818100654977766e-06 8.3115428229974657e-06</location_covariance>
        <orientation>1</orientation>
        <reference x="541211.77744781575" y="5041582.4997702884" z="190.48599999999999" enabled="false"/>
      </camera>
      <camera id="15" sensor_id="0" component_id="2" label="DJI_0018">
        <transform>-0.10185213788821779 -0.99241879315159776 0.068782854019926037 2.8874664307394502 -0.9552370167016353 0.11687260324955934 0.27177754972151519 -16.317095024361127 -0.27775597910856747 -0.038022803805060443 -0.95989889179029841 -4.0591902753655376 0 0 0 1</transform>
        <rotation_covariance>7.7981341208394353e-09 -1.0430657647078932e-09 4.7741828156340194e-10 -1.0430657647078934e-09 6.9173598575329615e-09 -4.4788582441991621e-11 4.7741828156340174e-10 -4.4788582441991653e-11 5.850747612568683e-10</rotation_covariance>
        <location_covariance>1.4392327635871547e-07 1.5869295682750828e-07 -5.6360223013800764e-07 1.5869295682750828e-07 6.837868198093266e-07 -2.2219698644810398e-06 -5.6360223013800764e-07 -2.2219698644810398e-06 8.3703689863923841e-06</location_covariance>
        <orientation>1</orientation>
        <reference x="541210.11406899511" y="5041592.0035175914" z="190.58600000000001" enabled="false"/>
      </camera>
      <camera id="16" sensor_id="0" component_id="2" label="DJI_0019">
        <transform>-0.087982867661959507 -0.99414285849745954 0.062761388579910204 3.756159312677529 -0.9574206231117971 0.10178824017102499 0.27015718499255942 -16.51620400762949 -0.27496320742636887 -0.036319843906411381 -0.96076849630929162 -4.066374149629767 0 0 0 1</transform>
        <rotation_covariance>7.6288636301739601e-09 -1.1711594995987204e-09 4.0185894027827217e-10 -1.1711594995987204e-09 6.9069780395803514e-09 -2.0070821545007402e-11 4.0185894027827258e-10 -2.007082154500747e-11 5.2814253776936173e-10</rotation_covariance>
        <location_covariance>1.2818859525648269e-07 1.2896034538634239e-07 -4.5813256167883397e-07 1.2896034538634239e-07 6.5969416219999412e-07 -2.1794869329692044e-06 -4.5813256167883397e-07 -2.1794869329692044e-06 8.3479443737933193e-06</location_covariance>
        <orientation>1</orientation>
        <reference x="541208.61397452175" y="5041600.097956188" z="190.58600000000001" enabled="false"/>
      </camera>
      <camera id="17" sensor_id="0" component_id="2" label="DJI_0020">
        <transform>0.69432255613048532 0.71718475132635062 0.059684340604460116 4.1704669601507556 0.67302391079097323 -0.67645819676446717 0.29907043239643277 -16.603661247742945 0.25486271510766917 -0.16748235875794659 -0.95236267039023614 -4.0677064913138929 0 0 0 1</transform>
        <rotation_covariance>7.6681081553474763e-09 3.3979472126320846e-10 -1.7389571492386136e-10 3.3979472126320872e-10 6.0125097745665031e-09 1.5363001992071009e-11 -1.7389571492386141e-10 1.5363001992070867e-11 5.0765547758050023e-10</rotation_covariance>
        <location_covariance>1.0350273929059854e-07 9.8968460471814442e-08 -3.4967902736014206e-07 9.8968460471814442e-08 8.835571097113523e-07 -2.5148099302327433e-06 -3.4967902736014206e-07 -2.5148099302327433e-06 8.1120875300137271e-06</location_covariance>
        <orientation>1</orientation>
        <reference x="541207.65768560325" y="5041604.3351630662" z="190.48599999999999" enabled="false"/>
      </camera>
      <camera id="18" sensor_id="0" component_id="2" label="DJI_0021">
        <transform>0.6609892735048355 0.7471905793148238 0.069277835522820339 3.443221918246496 0.70040551534565831 -0.64745346459435738 0.30039328430932916 -15.842505508739512 0.26930520675421843 -0.15003416066996225 -0.95129619795683373 -3.8691743711268121 0 0 0 1</transform>
        <rotation_covariance>6.6154908967155761e-09 2.1416531086186971e-10 -7.6468765460157292e-11 2.1416531086186997e-10 5.3371499511416961e-09 -2.7971761182572497e-11 -7.6468765460157163e-11 -2.7971761182572355e-11 3.8724146417980163e-10</rotation_covariance>
        <location_covariance>1.1138759336391968e-07 1.5311648938370384e-07 -5.107603673775452e-07 1.5311648938370384e-07 8.9874548159694466e-07 -2.5680533891375135e-06 -5.107603673775452e-07 -2.5680533891375135e-06 8.172563119859149e-06</location_covariance>
        <orientation>1</orientation>
        <reference x="541203.76422864071" y="5041595.6991446717" z="190.48599999999999" enabled="false"/>
      </camera>
      <camera id="19" sensor_id="0" component_id="2" label="DJI_0022">
        <transform>0.64909682225740473 0.75683840297214378 0.076609053785526848 2.8441367532327662 0.7090733815907142 -0.63843363862810321 0.29936170193862527 -15.205975015071338 0.27547822936640187 -0.13999328860576188 -0.95105921176890773 -3.7290016726212492 0 0 0 1</transform>
        <rotation_covariance>6.089079502388032e-09 1.8937544070423921e-10 -2.1441008203267583e-11 1.893754407042395e-10 4.9264404654641651e-09 6.6977511239650795e-11 -2.1441008203267492e-11 6.6977511239650898e-11 3.5079698875536036e-10</rotation_covariance>
        <location_covariance>1.1870381447174369e-07 1.8644084853313821e-07 -6.187915258798799e-07 1.8644084853313821e-07 8.7209438903131953e-07 -2.5324387899037732e-06 -6.187915258798799e-07 -2.5324387899037732e-06 8.1302049685044749e-06</location_covariance>
        <orientation>1</orientation>
        <reference x="541200.31028823322" y="5041588.1801264975" z="190.48599999999999" enabled="false"/>
      </camera>
      <camera id="20" sensor_id="0" component_id="2" label="DJI_0023">
        <transform>0.64241977811201723 0.76220803270447868 0.079597384198693999 2.2396348302259721 0.71406200078186399 -0.63305680846962165 0.29892229138968085 -14.550348289023979 0.27823063765499911 -0.13519612468937234 -0.95095200727432516 -3.584798144277467 0 0 0 1</transform>
        <rotation_covariance>5.4963499235183007e-09 7.7735950291891228e-10 4.2268791595628389e-11 7.7735950291891259e-10 4.4643702678133684e-09 7.998717749157014e-11 4.2268791595628066e-11 7.9987177491569959e-11 3.7516658907773722e-10</rotation_covariance>
        <location_covariance>1.011165537942678e-07 1.917467825749403e-07 -6.3150795484802648e-07 1.917467825749403e-07 8.4826022969287151e-07 -2.5020420681615153e-06 -6.3150795484802648e-07 -2.5020420681615153e-06 8.0989296952828382e-06</location_covariance>
        <orientation>1</orientation>
        <reference x="541196.81123296334" y="5041580.5929181287" z="190.286" enabled="false"/>
      </camera>
      <camera id="21" sensor_id="0" component_id="2" label="DJI_0024">
        <transform>0.637063507258679 0.76649942333533772 0.08141696227362763 1.6518188705011865 0.71791867074583227 -0.62848186714658316 0.29933814468336906 -13.926034643749327 0.28061159974920463 -0.13224665097664701 -0.95066710966123846 -3.4386035465651679 0 0 0 1</transform>
        <rotation_covariance>4.5995891235272653e-09 4.7317844812226613e-10 8.3241581790046578e-11 4.7317844812226644e-10 4.4144158502664813e-09 5.6380943101518272e-11 8.3241581790046475e-11 5.6380943101518162e-11 4.073529864853612e-10</rotation_covariance>
        <location_covariance>9.499127555831716e-08 1.9481361888671284e-07 -6.202212427863661e-07 1.9481361888671284e-07 8.5266127149120385e-07 -2.5254354054166381e-06 -6.202212427863661e-07 -2.5254354054166381e-06 8.1104134832280867e-06</location_covariance>
        <orientation>1</orientation>
        <reference x="541193.55197347642" y="5041573.4856445845" z="190.286" enabled="false"/>
      </camera>
      <camera id="22" sensor_id="0" component_id="2" label="DJI_0025">
        <transform>0.63391265757886561 0.76888680048008917 0.083473532384773022 1.0163899114309001 0.72030846205551358 -0.62624489062152766 0.29828351691243582 -13.250510143860922 0.28162113211284617 -0.12895900518351575 -0.95082023165767615 -3.2785597997648201 0 0 0 1</transform>
        <rotation_covariance>5.1655816893751665e-09 5.1526592812735769e-10 2.6448188999464881e-10 5.1526592812735769e-10 4.1653663395845013e-09 3.1740814502467351e-11 2.6448188999464865e-10 3.1740814502467512e-11 4.155371838610555e-10</rotation_covariance>
        <location_covariance>9.4737959809831665e-08 1.9061279363962537e-07 -6.1729571120840728e-07 1.9061279363962537e-07 8.586995744907463e-07 -2.5411385150701743e-06 -6.1729571120840728e-07 -2.5411385150701743e-06 8.1479545735772318e-06</location_covariance>
        <orientation>1</orientation>
        <reference x="541189.98093371768" y="5041565.6263840217" z="190.18600000000001" enabled="false"/>
      </camera>
      <camera id="23" sensor_id="0" component_id="2" label="DJI_0026">
        <transform>0.63208883287079964 0.77041012822109611 0.083258283037693559 0.42405877309973389 0.72178936162371765 -0.624452337239086 0.298461716076734 -12.611353704871675 0.28192875838916615 -0.12855937480789492 -0.95078318366604819 -3.1377324957090393 0 0 0 1</transform>
        <rotation_covariance>5.7844790510844226e-09 1.0654774324671312e-09 1.2382431894953367e-10 1.0654774324671318e-09 4.1894947799291449e-09 -2.3443877628961107e-12 1.2382431894953341e-10 -2.3443877628960331e-12 3.6173178989529973e-10</rotation_covariance>
        <location_covariance>9.605790838323689e-08 1.8807185513901258e-07 -6.2276507301408958e-07 1.8807185513901258e-07 8.7122859509771667e-07 -2.5459170161808978e-06 -6.2276507301408958e-07 -2.5459170161808978e-06 8.1406156806791431e-06</location_covariance>
        <orientation>1</orientation>
        <reference x="541186.56714008958" y="5041558.2650329005" z="190.18600000000001" enabled="false"/>
      </camera>
      <camera id="24" sensor_id="0" component_id="2" label="DJI_0027">
        <transform>0.63107822591278806 0.77124239939462513 0.083219193427898908 -0.20000818817196334 0.7224038796593284 -0.62339773979190505 0.29917869689450693 -11.938146775613641 0.28261795313093424 -0.12868729307265062 -0.95056124114636364 -2.9995512325137788 0 0 0 1</transform>
        <rotation_covariance>1.2316449363214929e-08 3.2138862805987931e-09 -8.4530740093144161e-11 3.2138862805987943e-09 5.3763621095741872e-09 -1.3787042550488782e-10 -8.4530740093144096e-11 -1.3787042550488767e-10 3.7445391973814287e-10</rotation_covariance>
        <location_covariance>1.3313040299399727e-07 1.6576381858989643e-07 -6.5773359628440494e-07 1.6576381858989643e-07 9.4531589822140239e-07 -2.542564570192365e-06 -6.5773359628440494e-07 -2.542564570192365e-06 8.071354734270698e-06</location_covariance>
        <orientation>1</orientation>
        <reference x="541183.01951787842" y="5041550.4707402242" z="190.08600000000001" enabled="false"/>
      </camera>
      <camera id="25" sensor_id="0" component_id="2" label="DJI_0028">
        <transform>0.63076838773921695 0.77162786560078245 0.081985840590006007 -0.81062441534048868 0.72249254604934865 -0.62255402587911535 0.30071748496692974 -11.279128692070115 0.28308260619825898 -0.13044892444971312 -0.95018278040486226 -2.8549096442762836 0 0 0 1</transform>
        <rotation_covariance>1.1946031694824743e-08 -1.0584062219221733e-09 2.3319207582888744e-10 -1.0584062219221729e-09 5.3270057866317469e-09 -1.9460760436928388e-10 2.3319207582888676e-10 -1.9460760436928445e-10 5.1145805950705107e-10</rotation_covariance>
        <location_covariance>1.69878630879491e-07 1.6888293587499588e-07 -6.2906293252884739e-07 1.6888293587499588e-07 9.1282722999107011e-07 -2.5564761887810571e-06 -6.2906293252884739e-07 -2.5564761887810571e-06 8.0389969847782713e-06</location_covariance>
        <orientation>1</orientation>
        <reference x="541179.50134315039" y="5041542.8155210698" z="189.98599999999999" enabled="false"/>
      </camera>
      <camera id="26" sensor_id="0" component_id="2" label="DJI_0029">
        <transform>0.62958845260866347 0.77262260346277589 0.081686553117578053 -1.4178814680852694 0.72329313830456299 -0.62126359584412427 0.30146074464242478 -10.626351087436646 0.28366426708939563 -0.13071288037998474 -0.94997301355322938 -2.7125940335060266 0 0 0 1</transform>
        <rotation_covariance>2.9827028328529784e-08 -1.0451536929220552e-08 -9.8001441298726581e-10 -1.045153692922055e-08 1.1057336836451069e-08 1.8765075968480608e-10 -9.8001441298726539e-10 1.8765075968480649e-10 9.7840329663100821e-10</rotation_covariance>
        <location_covariance>4.2413197610354739e-07 1.2751402178874221e-07 -6.3006959152926888e-07 1.2751402178874221e-07 9.4554146853803508e-07 -2.5624990315288764e-06 -6.3006959152926888e-07 -2.5624990315288764e-06 8.0159127192991812e-06</location_covariance>
        <orientation>1</orientation>
        <reference x="541176.10676327103" y="5041535.4975088658" z="189.98599999999999" enabled="false"/>
      </camera>
      <camera id="27" sensor_id="0" component_id="2" label="DJI_0030">
        <transform>0.62836446601065987 0.77357961644397899 0.082052878545026395 -2.0322099431588874 0.72436459944448983 -0.62030099231918601 0.30086974922623488 -9.9647974931208143 0.28364418719015233 -0.12961965881076887 -0.9501287908083923 -2.5628925052190596 0 0 0 1</transform>
        <rotation_covariance>3.2177521698072742e-08 -3.5154593567494848e-09 -1.9083732353892494e-09 -3.5154593567494823e-09 3.0473791839661896e-08 -4.2557088438894076e-09 -1.9083732353892486e-09 -4.2557088438894076e-09 2.3151498544148695e-09</rotation_covariance>
        <location_covariance>4.2419493084254593e-07 1.4774368628671528e-07 -5.4183697719968127e-07 1.4774368628671528e-07 1.0998400413840358e-06 -2.4318892244876964e-06 -5.4183697719968127e-07 -2.4318892244876964e-06 8.196728607810696e-06</location_covariance>
        <orientation>1</orientation>
        <reference x="541172.58840927994" y="5041527.8669822151" z="189.886" enabled="false"/>
      </camera>
      <camera id="28" sensor_id="0" component_id="2" label="DJI_0031">
        <transform>0.62765650479257729 0.77396011254941355 0.083863318405987847 -2.6440143560997118 0.72509646646440751 -0.62041380677856184 0.29886756712524648 -9.3163213544537573 0.28334153651096672 -0.12677717673553193 -0.9506025042816646 -2.4169795461695953 0 0 0 1</transform>
        <rotation_covariance>1.6515469689878344e-07 2.1974337153355441e-08 -2.8876501630451418e-08 2.1974337153355425e-08 1.1891825346397339e-07 -1.8900913324408722e-08 -2.8876501630451418e-08 -1.8900913324408719e-08 1.8115919455127467e-08</rotation_covariance>
        <location_covariance>1.3400483372462899e-06 -5.4497513746216414e-07 -2.4816890858344131e-07 -5.4497513746216414e-07 2.5861963280294693e-06 -1.90553876434919e-06 -2.4816890858344131e-07 -1.90553876434919e-06 9.1063361037123367e-06</location_covariance>
        <orientation>1</orientation>
        <reference x="541169.13289224287" y="5041520.2461288469" z="189.786" enabled="false"/>
      </camera>
      <camera id="29" sensor_id="0" component_id="2" label="DJI_0032">
        <transform>0.62893409930548039 0.7742224339700875 0.070862694474863416 -3.2097921787474526 0.72579252529723526 -0.61736669798905752 0.30345274827681123 -8.6783230749209554 0.2786881930643389 -0.1394201669469714 -0.95020782363386824 -2.2619235815266117 0 0 0 1</transform>
        <rotation_covariance>1.6159201237452417e-06 2.5396611719650141e-07 -4.0292978093797386e-07 2.5396611719650131e-07 4.9536368907263027e-07 -3.4780334337390574e-07 -4.0292978093797392e-07 -3.4780334337390579e-07 4.0985646249030848e-07</rotation_covariance>
        <location_covariance>1.2521149482521976e-05 -7.3102636921723002e-06 -4.3431444102706134e-06 -7.3102636921723002e-06 1.5413794381451013e-05 1.7374885271287999e-06 -4.3431444102706134e-06 1.7374885271287999e-06 1.3285981638113781e-05</location_covariance>
        <orientation>1</orientation>
        <reference x="541165.62747526006" y="5041512.6249499703" z="189.786" enabled="false"/>
      </camera>
      <camera id="30" sensor_id="0" component_id="2" label="DJI_0033">
        <transform>0.98866871085768859 0.14159845877828703 0.049840311421682937 -3.3122089607376517 0.11870127092902172 -0.94067770017490271 0.31786077561330367 -8.5316760543160193 0.091892265457064373 -0.30834289494857786 -0.94682652618306939 -2.233225156965414 0 0 0 1</transform>
        <rotation_covariance>2.0221990002505494e-06 -9.7774272200939121e-07 -8.6088896693061655e-07 -9.7774272200939121e-07 1.069108721440678e-06 1.8901936521037557e-07 -8.6088896693061666e-07 1.8901936521037544e-07 6.173597396604124e-07</rotation_covariance>
        <location_covariance>1.7521535589297702e-05 -1.3292002223971127e-05 -4.4104090495331491e-06 -1.3292002223971127e-05 2.4779632773236306e-05 2.4303156584993972e-06 -4.4104090495331491e-06 2.4303156584993972e-06 1.2666572992142522e-05</location_covariance>
        <orientation>1</orientation>
        <reference x="541164.58461328433" y="5041510.5565382391" z="189.786" enabled="false"/>
      </camera>
      <camera id="31" sensor_id="0" component_id="2" label="DJI_0034">
        <transform>0.99124777530903918 0.10638839199518491 0.0781623822152267 -3.3194267987224197 0.078097639369200153 -0.94993073835756547 0.30254313915276371 -7.4480904638480805 0.10643592753313456 -0.29379091608170776 -0.94992541336571912 -1.8954285720917694 0 0 0 1</transform>
        <rotation_covariance>1.3254999436930582e-06 1.8435541844273935e-07 -5.1013601242032546e-07 1.8435541844273935e-07 7.2438471853061526e-07 -6.7274292196670619e-08 -5.1013601242032546e-07 -6.7274292196670593e-08 2.5902224427523657e-07</rotation_covariance>
        <location_covariance>7.0560361840569103e-06 7.6964387743949219e-07 2.5433276325290671e-06 7.6964387743949219e-07 1.8029658901590556e-05 2.7358377456894532e-06 2.5433276325290671e-06 2.7358377456894532e-06 1.184805065844248e-05</location_covariance>
        <orientation>1</orientation>
        <reference x="541155.26658022159" y="5041507.3968505794" z="189.68600000000001" enabled="false"/>
      </camera>
      <camera id="32" sensor_id="0" component_id="2" label="DJI_0035">
        <transform>0.99194653149917822 0.09261123784431266 0.086401604566660586 -3.259918012979873 0.064097355044669679 -0.95542052496995566 0.28820678261000587 -6.5851136956488441 0.10924105328596477 -0.28034760404019465 -0.95366221126030537 -1.6324689038323823 0 0 0 1</transform>
        <rotation_covariance>1.7201013043091913e-07 -8.3570113532294046e-08 -5.1883701815006377e-08 -8.3570113532294059e-08 2.5737747284686289e-07 9.6686406987126307e-09 -5.1883701815006364e-08 9.6686406987126241e-09 3.7582577189601199e-08</rotation_covariance>
        <location_covariance>2.7376072233542388e-06 -1.3241747870890211e-06 6.0267517487117647e-07 -1.3241747870890211e-06 3.4182032176252897e-06 -2.4677637230391102e-06 6.0267517487117647e-07 -2.4677637230391102e-06 9.4352326337224615e-06</location_covariance>
        <orientation>1</orientation>
        <reference x="541147.55165757076" y="5041504.8957938217" z="189.68600000000001" enabled="false"/>
      </camera>
      <camera id="33" sensor_id="0" component_id="2" label="DJI_0036">
        <transform>-0.55025040208947695 -0.83064285968620788 0.085187643779418509 -3.2521398557599066 -0.78546380608734245 0.54952288254692683 0.28473006670196033 -6.6595321859909458 -0.28332155641100787 0.08976102277512249 -0.95481508914721691 -1.7057665693620871 0 0 0 1</transform>
        <rotation_covariance>6.4008245534983065e-07 2.8055220693177993e-07 7.8556169006034537e-08 2.8055220693177993e-07 5.7410344937030063e-07 1.2693476220776813e-07 7.8556169006034564e-08 1.269347622077681e-07 7.1649317143137603e-08</rotation_covariance>
        <location_covariance>4.4813669419927305e-06 -3.1167577797195856e-06 -1.3637353126124522e-06 -3.1167577797195856e-06 8.2803101908404617e-06 2.0289835826432765e-06 -1.3637353126124522e-06 2.0289835826432765e-06 1.4621999699317298e-05</location_covariance>
        <orientation>1</orientation>
        <reference x="541148.07625812001" y="5041504.9517014939" z="189.786" enabled="false"/>
      </camera>
      <camera id="34" sensor_id="0" component_id="2" label="DJI_0037">
        <transform>-0.5892036348598606 -0.80426075724020951 0.077483617825536505 -2.5249410996464534 -0.76143184762785121 0.58477792428983311 0.27974331212972914 -7.4059944061381637 -0.27029727724482422 0.10582728205278424 -0.95694303293736094 -1.8748456899670689 0 0 0 1</transform>
        <rotation_covariance>9.8121729030669651e-07 3.6386397930046584e-07 2.7756082050743464e-07 3.6386397930046579e-07 3.8668312285729323e-07 8.1718314375240008e-08 2.7756082050743464e-07 8.1718314375239995e-08 1.0860189611031187e-07</rotation_covariance>
